jwst_validation_notebooks/resample/jwst_resample_miri_test/starfield_74_combined_cat.ecsv
# %ECSV 0.9
# ---
# datatype:
# - {name: id, datatype: int64}
# - {name: xcentroid, unit: pix, datatype: float64}
# - {name: ycentroid, unit: pix, datatype: float64}
# - {name: sky_centroid.ra, unit: deg, datatype: float64}
# - {name: sky_centroid.dec, unit: deg, datatype: float64}
# - {name: area, unit: pix2, datatype: float64}
# - {name: source_sum, datatype: float32}
# - {name: source_sum_err, datatype: float32}
# - {name: semimajor_axis_sigma, unit: pix, datatype: float64}
# - {name: semiminor_axis_sigma, unit: pix, datatype: float64}
# - {name: orientation, unit: deg, datatype: float64}
# - {name: sky_bbox_ll.ra, unit: deg, datatype: float64}
# - {name: sky_bbox_ll.dec, unit: deg, datatype: float64}
# - {name: sky_bbox_ul.ra, unit: deg, datatype: float64}
# - {name: sky_bbox_ul.dec, unit: deg, datatype: float64}
# - {name: sky_bbox_lr.ra, unit: deg, datatype: float64}
# - {name: sky_bbox_lr.dec, unit: deg, datatype: float64}
# - {name: sky_bbox_ur.ra, unit: deg, datatype: float64}
# - {name: sky_bbox_ur.dec, unit: deg, datatype: float64}
# - {name: orientation_sky, unit: deg, datatype: float64}
# - {name: abmag, datatype: float64}
# - {name: abmag_error, datatype: float32}
# meta: !!omap
# - __serialized_columns__:
#     area:
#       __class__: astropy.units.quantity.Quantity
#       unit: !astropy.units.Unit {unit: pix2}
#       value: !astropy.table.SerializedColumn {name: area}
#     orientation:
#       __class__: astropy.units.quantity.Quantity
#       unit: &id001 !astropy.units.Unit {unit: deg}
#       value: !astropy.table.SerializedColumn {name: orientation}
#     orientation_sky:
#       __class__: astropy.units.quantity.Quantity
#       unit: *id001
#       value: !astropy.table.SerializedColumn {name: orientation_sky}
#     semimajor_axis_sigma:
#       __class__: astropy.units.quantity.Quantity
#       unit: !astropy.units.Unit {unit: pix}
#       value: !astropy.table.SerializedColumn {name: semimajor_axis_sigma}
#     semiminor_axis_sigma:
#       __class__: astropy.units.quantity.Quantity
#       unit: !astropy.units.Unit {unit: pix}
#       value: !astropy.table.SerializedColumn {name: semiminor_axis_sigma}
#     sky_bbox_ll:
#       __class__: astropy.coordinates.sky_coordinate.SkyCoord
#       dec: !astropy.table.SerializedColumn
#         __class__: astropy.coordinates.angles.Latitude
#         unit: *id001
#         value: !astropy.table.SerializedColumn {name: sky_bbox_ll.dec}
#       frame: icrs
#       ra: !astropy.table.SerializedColumn
#         __class__: astropy.coordinates.angles.Longitude
#         unit: *id001
#         value: !astropy.table.SerializedColumn {name: sky_bbox_ll.ra}
#         wrap_angle: &id002 !astropy.coordinates.Angle
#           unit: *id001
#           value: 360.0
#       representation_type: spherical
#     sky_bbox_lr:
#       __class__: astropy.coordinates.sky_coordinate.SkyCoord
#       dec: !astropy.table.SerializedColumn
#         __class__: astropy.coordinates.angles.Latitude
#         unit: *id001
#         value: !astropy.table.SerializedColumn {name: sky_bbox_lr.dec}
#       frame: icrs
#       ra: !astropy.table.SerializedColumn
#         __class__: astropy.coordinates.angles.Longitude
#         unit: *id001
#         value: !astropy.table.SerializedColumn {name: sky_bbox_lr.ra}
[...]
#         unit: *id001
#         value: !astropy.table.SerializedColumn {name: sky_bbox_ur.dec}
#       frame: icrs
#       ra: !astropy.table.SerializedColumn
#         __class__: astropy.coordinates.angles.Longitude
#         unit: *id001
#         value: !astropy.table.SerializedColumn {name: sky_bbox_ur.ra}
#         wrap_angle: *id002
#       representation_type: spherical
#     sky_centroid:
#       __class__: astropy.coordinates.sky_coordinate.SkyCoord
#       dec: !astropy.table.SerializedColumn
#         __class__: astropy.coordinates.angles.Latitude
#         unit: *id001
#         value: !astropy.table.SerializedColumn {name: sky_centroid.dec}
#       frame: icrs
#       ra: !astropy.table.SerializedColumn
#         __class__: astropy.coordinates.angles.Longitude
#         unit: *id001
#         value: !astropy.table.SerializedColumn {name: sky_centroid.ra}
#         wrap_angle: *id002
#       representation_type: spherical
#     xcentroid:
#       __class__: astropy.units.quantity.Quantity
#       unit: &id003 !astropy.units.Unit {unit: pix}
#       value: !astropy.table.SerializedColumn {name: xcentroid}
#     ycentroid:
#       __class__: astropy.units.quantity.Quantity
#       unit: *id003
#       value: !astropy.table.SerializedColumn {name: ycentroid}
# schema: astropy-2.0
id xcentroid ycentroid sky_centroid.ra sky_centroid.dec area source_sum source_sum_err semimajor_axis_sigma semiminor_axis_sigma orientation sky_bbox_ll.ra sky_bbox_ll.dec sky_bbox_ul.ra sky_bbox_ul.dec sky_bbox_lr.ra sky_bbox_lr.dec sky_bbox_ur.ra sky_bbox_ur.dec orientation_sky abmag abmag_error
[from data line 311]
312 nan nan nan nan 46.0 -441.10736 1.9178923 nan nan nan 0.006811114077565112 -0.0008005121636808136 0.006811114077423302 -0.00043061608561427553 0.006533692019046668 -0.0008005121637618224 0.006533692018935375 -0.000430616085650104 nan nan -0.004720676
313 nan nan nan nan 20.0 -196.2041 1.2646209 nan nan nan 359.9995056665543 -0.0008005121596008345 359.9995056665546 -0.0006155641215061246 359.99928989384443 -0.0008005121592827498 359.9992898938447 -0.0006155641212613056 nan nan -0.006998042
314 nan nan nan nan 25.0 -241.81917 1.4138892 nan nan nan 359.9971629914287 -0.0008005121555370237 359.99716299142926 -0.0005539147726641674 359.9969163940485 -0.0008005121550312526 359.9969163940491 -0.00055391477231421 nan nan -0.006348176
315 877.0885919330151 573.3408469543009 359.99566526399923 -0.0007745933200530263 8.0 192.23149 1.9726754 0.536292669159798 0.3462011728738013 -52.22762631452042 359.99571423182493 -0.0008005121523538175 359.9957142318252 -0.0006772134614064966 359.99559093313576 -0.0008005121520591299 359.9955909331361 -0.0006772134611572561 217.77237368547958 18.58292007446289 0.0111418
316 nan nan nan nan 10.0 -76.6587 0.9075374 nan nan nan 359.9901966155914 -0.0008005121355447287 359.9901966155922 -0.0006155641030081687 359.99007331690746 -0.0008005121350842777 359.99007331690825 -0.0006155641026539876 nan nan -0.012853677
317 nan nan nan nan 54.0 -519.79736 2.077984 nan nan nan 0.0021257637574767256 -0.0007696874894311249 0.0021257637578208804 -0.00039979141188399586 0.0018175170267567568 -0.0007696874891794701 0.0018175170271469815 -0.00039979141175407553 nan nan -0.0043404265
318 nan nan nan nan 54.0 -520.5815 2.077984 nan nan nan 0.0006153547791640911 -0.0007696874879868073 0.0006153547796414896 -0.00039979141113078917 0.00030710804965416224 -0.0007696874876263771 0.00030710805019327613 -0.0003997914109466724 nan nan -0.004333889
319 nan nan nan nan 5.0 -48.21373 0.63231045 nan nan nan 359.99910494580774 -0.0006772134670295824 359.9991049458079 -0.0005847394480524439 359.9989816471165 -0.0006772134668665438 359.9989816471167 -0.0005847394479117682 nan nan -0.014239145
320 nan nan nan nan 6.0 -58.938736 0.69266135 nan nan nan 359.9996597899189 -0.0006155641216760178 359.9996597899191 -0.0004922654295818897 359.9995673159003 -0.0006155641215746047 359.99956731590055 -0.0004922654295015619 nan nan -0.012759817
321 nan nan nan nan 22.0 -211.97926 1.3263456 nan nan nan 359.99142960243904 -0.0006155641063916664 359.9914296024398 -0.00043061607284512206 359.9912138297399 -0.0006155641058200714 359.99121382974056 -0.0004306160724443247 nan nan -0.006793407
322 nan nan nan nan 34.0 -326.30453 1.6488638 nan nan nan 0.00033793272285639366 -0.0005847394493108362 0.00033793272321066756 -0.00033814206485239823 6.051066653345403e-05 -0.0005847394490511554 6.051066691612362e-05 -0.00033814206470286204 nan nan -0.005486381
323 nan nan nan nan 148.0 -1408.5652 3.4401407 nan nan nan 0.01060254886531241 -0.0005539147762148193 0.010602548864566366 -2.9895334306014774e-05 0.009986055406072614 -0.0005539147767188527 0.009986055405416411 -2.9895334333018624e-05 nan nan -0.002651695
324 nan nan nan nan 19.0 -181.37872 1.2326 nan nan nan 0.006533692018956976 -0.0005539147783561323 0.006533692018897714 -0.00036896673931068004 0.006348743979916013 -0.0005539147783869738 0.006348743979871925 -0.0003689667393280738 nan nan -0.007378365
325 nan nan nan nan 32.0 -304.17773 1.599633 nan nan nan 0.0023723611423730477 -0.000553914777658615 0.0023723611425394576 -0.0003381420657077472 0.0021257637576791054 -0.0005539147775253148 0.0021257637578715287 -0.00033814206562836693 nan nan -0.0057097515
326 nan nan nan nan 43.0 -413.83823 1.8542981 nan nan nan 359.9989508224441 -0.0004922654289293123 359.9989508224447 -0.0001223693531661459 359.9987042250619 -0.000492265428683841 359.9987042250626 -0.0001223693531052319 nan nan -0.0048648925
327 nan nan nan nan 15.0 -143.70308 1.0951939 nan nan nan 359.99534433575866 -0.000492265424439531 359.99534433575906 -0.00033814206093837977 359.9951593877254 -0.0004922654241570104 359.99515938772583 -0.0003381420607439332 nan nan -0.008274642
328 nan nan nan nan 8.0 -76.78175 0.7998165 nan nan nan 359.9973479394648 -0.0004614407543025643 359.99734793946504 -0.0003381420628166631 359.997193816102 -0.000461440754126011 359.9971938161023 -0.0003381420626862334 nan nan -0.011309844
329 nan nan nan nan 52.0 -502.33224 2.0391397 nan nan nan 359.9951285630533 -0.0004614407514294357 359.9951285630544 -9.154467929337203e-05 359.9948511410039 -0.00046144075102055773 359.994851141005 -9.15446792105493e-05 nan nan -0.0044073774
330 nan nan nan nan 47.0 -456.38593 1.9386269 nan nan nan 0.007674204925585629 -0.0003381420659442464 0.007674204925404233 -2.9895334405556974e-05 0.0073659581941935 -0.0003381420660063918 0.007365958194018779 -2.9895334414217696e-05 nan nan -0.004611968
331 nan nan nan nan 28.0 -263.71133 1.4963195 nan nan nan 359.99744041348276 -0.0003381420628929872 359.9974404134833 -0.00012236935275702706 359.9971938161023 -0.0003381420626862334 359.9971938161028 -0.00012236935268337433 nan nan -0.006160555
332 nan nan nan nan 64.0 -613.06506 2.2622225 nan nan nan 0.002372361142597803 -0.0002764927194405486 0.0023723611428896245 6.257868500405154e-05 0.0018791663733768085 -0.00027649271930330933 0.0018791663737042041 6.257868497464868e-05 nan nan -0.0040063886
333 nan nan nan nan 22.0 -208.7843 1.3263456 nan nan nan 0.000337932723326162 -0.0002456680456833298 0.0003379327235916935 -6.072000736010233e-05 0.00015298468579013746 -0.00024566804561380017 0.00015298468604788614 -6.07200073426942e-05 nan nan -0.006897364
334 nan nan nan nan 18.0 -171.72206 1.1997247 nan nan nan 359.99716299142995 -0.0002456680440917345 359.9971629914304 -6.0720006966343485e-05 359.99697804339485 -0.00024566804397594495 359.99697804339525 -6.0720006937236574e-05 nan nan -0.0075854226
335 nan nan nan nan 127.0 -1192.152 3.186745 nan nan nan 0.010633373537761446 -0.00021484337260373095 0.010633373536996458 0.00030917606919160593 0.010047704751617035 -0.0002148433727913146 0.010047704750947132 0.00030917606946360103 nan nan -0.0029022845
336 nan nan nan nan 57.0 -553.5768 2.1349256 nan nan nan 0.0007078287988010979 -0.0002148433727485554 0.0007078287993103607 0.00018587737714959254 0.0003687573962952847 -0.000214843372637111 0.0003687573968655083 0.00018587737705396003 nan nan -0.004187253
337 nan nan nan nan 17.0 -161.31361 1.1659229 nan nan nan 359.9991665951542 -0.00021484337219265535 359.99916659515446 -6.072000723832391e-05 359.9989816471174 -0.000214843372116145 359.99898164711766 -6.072000721434813e-05 nan nan -0.007847352
338 nan nan nan nan 5.0 -49.38583 0.63231045 nan nan nan 359.99965978991963 -0.00018401869936717527 359.99965978991986 -2.9895334273091064e-05 359.9995364912282 -0.00018401869932653438 359.9995364912284 -2.9895334268415354e-05 nan nan -0.0139012
339 nan nan nan nan 12.0 -116.908424 0.97957116 nan nan nan 0.008568120445590622 9.293387465798414e-07 0.008568120445495932 0.0001242280312601149 0.008383172407040361 9.293387473062596e-07 0.008383172406950619 0.00012422803128171197 nan nan -0.009097341
340 nan nan nan nan 22.0 -213.00468 1.3263456 nan nan nan 359.99814938095403 3.1754011665146105e-05 359.9981493809546 0.0003091760679509361 359.99799525759073 3.175401165177356e-05 359.9979952575913 0.0003091760678439383 nan nan -0.0067607025
341 nan nan nan nan 5.0 -49.515713 0.63231045 nan nan nan 0.007520081559675122 6.25786850519202e-05 0.0075200815596082535 0.0001858773776608005 0.007396782867124734 6.257868506050677e-05 0.007396782867060866 0.00018587737767863677 nan nan -0.013864736
342 nan nan nan nan 9.0 -88.65212 0.8483335 nan nan nan 0.0021565884313123787 6.257868499129826e-05 0.002156588431407874 0.00015505270435170772 0.001971640392886029 6.257868498120839e-05 0.0019716403929778592 0.00015505270432691358 nan nan -0.010389671
343 nan nan nan nan 27.0 -256.39304 1.4693567 nan nan nan 0.008660594464737341 0.0001242280312465659 0.008660594464518907 0.000370825416214681 0.008413997080028216 0.00012422803127206587 0.0084139970798443 0.00037082541630425054 nan nan -0.006222219
344 nan nan nan nan 75.0 -721.66406 2.4489279 nan nan nan 0.010664198210021476 0.00024752672309784953 0.010664198209456296 0.0006482474725809489 0.010232652788846115 0.0002475267232605804 0.010232652788318286 0.0006482474730040138 nan nan -0.0036843868
345 nan nan nan nan 21.0 -202.56848 1.2958509 nan nan nan 0.00838317240683349 0.00024752672379665393 0.008383172406649549 0.00046329943567773594 0.008198224368247613 0.0002475267238423583 0.008198224368074047 0.0004632994357585196 nan nan -0.006945563
346 nan nan nan nan 17.0 -165.28787 1.1659229 nan nan nan 2.968599496285841e-05 0.000309176069077878 2.9685995283616588e-05 0.0005249487802716335 359.9998755626305 0.00030917606899819874 359.99987556263085 0.0005249487801374316 nan nan -0.007658666
347 nan nan nan nan 17.0 -163.87717 1.1659229 nan nan nan 0.00027628337830106105 0.0003400007422435986 0.0002762833785713969 0.0005249487804788889 0.00012216001372746758 0.0003400007421577743 0.00012216001397377402 0.0005249487803558105 nan nan -0.0077245943
348 nan nan nan nan 8.0 -79.2555 0.7998165 nan nan nan 0.005146581725943097 0.0004016500899515743 0.005146581725951148 0.0005249487826172854 0.00499245836006976 0.00040165008996554834 0.004992458360092077 0.0005249487825991541 nan nan -0.010956838
349 nan nan nan nan 48.0 -459.57733 1.9591422 nan nan nan 359.99512856305574 0.0004016500834473265 359.9951285630568 0.0007715461553750379 359.99485114100645 0.0004016500830925886 359.99485114100753 0.0007715461546969034 nan nan -0.0046284082
350 nan nan nan nan 30.0 -285.18402 1.5488378 nan nan nan 0.010417600826272008 0.00046329943455150803 0.010417600825944857 0.0007098968189158467 0.010201828115601181 0.00046329943469810474 0.01020182811527981 0.0007098968191381084 nan nan -0.005896646
351 nan nan nan nan 6.0 -58.762066 0.69266135 nan nan nan 0.0023107117970816394 0.0004941241087171316 0.0023107117971706784 0.0005865981280612141 0.0021874131047699163 0.0004941241086579753 0.002187413104863608 0.0005865981279904348 nan nan -0.01279818
352 nan nan nan nan 95.0 -914.458 2.7561772 nan nan nan 359.99266258930277 0.0004941240971535031 359.9926625893044 0.0009564941829917951 359.9921693945575 0.0004941240961847256 359.9921693945592 0.0009564941811194109 nan nan -0.0032724098
353 nan nan nan nan 20.0 -194.1054 1.2646209 nan nan nan 0.009400386617651618 0.0005249487813736056 0.009400386617372525 0.0007715461660569806 0.009215438579433632 0.0005249487814819887 0.009215438579184033 0.0007715461662253123 nan nan -0.0070737065
354 nan nan nan nan 15.0 -144.66577 1.0951939 nan nan nan 0.005146581725960241 0.0006174228020936912 0.005146581725971532 0.0007715461678894152 0.004992458360099455 0.0006174228020946015 0.004992458360120498 0.0007715461678741071 nan nan -0.008219577
355 nan nan nan nan 21.0 -199.87639 1.2958509 nan nan nan 359.99534433576184 0.0006482474651825656 359.99534433576235 0.0008331955012433766 359.9951593877287 0.0006482474648102488 359.9951593877292 0.0008331955007673419 nan nan -0.007039111
356 nan nan nan nan 37.0 -353.29807 1.7200702 nan nan nan 0.0021565884318746017 0.0006790721472990896 0.002156588432209544 0.0010489682245177678 0.001909991047364507 0.000679072147128668 0.0019099910477313282 0.0010489682242495778 nan nan -0.0052860253
357 nan nan nan nan 39.0 -372.7959 1.7659467 nan nan nan 0.0006461794540512482 0.0006790721460364395 0.0006461794545552079 0.0010489682225605164 0.000399582070492034 0.0006790721457863179 0.0003995820710107692 0.0010489682221781092 nan nan -0.005143169
358 571.3871942893489 651.0073834988019 0.005088409578876214 0.0016194522731631878 1476.0 34353.203 25.439081 3.6504239263514706 2.1550529878915796 12.488933250732428 0.006256269960069399 0.0008640201872658572 0.0062562699597310655 0.002405253843105172 0.003913594799513295 0.0008640201870472911 0.003913594800168444 0.0024052538424652477 282.48893325073243 12.952563285827637 0.0008040045
359 nan nan nan nan 7.0 -69.2327 0.74815977 nan nan nan 359.99485114100787 0.0008948448452010397 359.99485114100816 0.0009873188630688573 359.99469701764735 0.0008948448447550837 359.99469701764764 0.00098731886257442 nan nan -0.0117329545
360 nan nan nan nan 18.0 -172.22519 1.1997247 nan nan nan 0.0023723611436163015 0.0009256695323255426 0.0023723611437643597 0.0011106175709479577 0.0021874131051598266 0.0009256695321607594 0.002187413105334154 0.0011106175707394522 nan nan -0.007563263
361 nan nan nan nan 21.0 -200.09573 1.2958509 nan nan nan 0.00036875739790216255 0.0009256695300224031 0.00036875739816323843 0.001110617568177978 0.00018380936040421868 0.0009256695297469978 0.00018380936066690438 0.0011106175678511497 nan nan -0.007031395
362 nan nan nan nan 16.0 -154.95117 1.1311113 nan nan nan 0.006194620613723183 0.0009564942067304613 0.006194620613687111 0.0011106175724389863 0.006009672574728013 0.0009564942067679695 0.006009672574701878 0.0011106175724859399 nan nan -0.007925647
363 nan nan nan nan 17.0 -162.15451 1.1659229 nan nan nan 0.0041293675116205845 0.0009564942065395168 0.00412936751168308 0.0011414422453727242 0.003975244145857655 0.0009564942064844124 0.003975244145926612 0.001141442245307415 nan nan -0.007806657
364 nan nan nan nan 7.0 -68.24171 0.74815977 nan nan nan 359.99389557617565 0.0009873188598829128 359.99389557617604 0.0011106175499615296 359.993772277488 0.0009873188594544274 359.9937722774884 0.0011106175494786962 nan nan -0.011903337
365 nan nan nan nan 46.0 -442.39926 1.9178923 nan nan nan 0.005978847901554795 0.0010181435530780985 0.005978847901501657 0.0013572149575992606 0.005701425843038402 0.0010181435530924232 0.005701425843014289 0.001357214957632399 nan nan -0.004706891
366 nan nan nan nan 40.0 -382.84265 1.7884439 nan nan nan 0.004468438916357724 0.0010181435529574927 0.004468438916447347 0.0013572149574607013 0.004191016857937567 0.0010181435528632543 0.0041910168580605 0.0013572149573204833 nan nan -0.0050720004
367 nan nan nan nan 11.0 -108.008804 0.937868 nan nan nan 359.99337155675414 0.0010181435304871592 359.99337155675454 0.0011414422203277798 359.9931866087235 0.0010181435297881793 359.9931866087239 0.0011414422195443691 nan nan -0.0094277235
368 nan nan nan nan 14.0 -134.0286 1.0580578 nan nan nan 359.99337155675454 0.0011414422203277798 359.99337155675505 0.0012955655826004178 359.9932174333956 0.0011414422196766797 359.9932174333962 0.0012955655818588493 nan nan -0.008571094
369 nan nan nan nan 21.0 -204.20456 1.2958509 nan nan nan 0.0013551469332732788 0.0011722669158424888 0.0013551469336035692 0.0014496889733474501 0.0012010235682655022 0.0011722669156047508 0.0012010235685926789 0.0014496889730629392 nan nan -0.0068899156
370 nan nan nan nan 22.0 -214.7878 1.3263456 nan nan nan 359.99445042027185 0.001203091569801146 359.9944504202724 0.001388039605210458 359.9941729982238 0.0012030915686707239 359.99417299822437 0.0013880396039056629 nan nan -0.0067045772
371 nan nan nan nan 6.0 -59.334885 0.69266135 nan nan nan 0.0013551469337100327 0.0015421629924935397 0.0013551469338515011 0.0016654616846685584 0.0012318482416937967 0.0015421629922557256 0.0012318482418353805 0.0016654616844141797 nan nan -0.012674626
372 nan nan nan nan 43.0 -413.92545 1.8542981 nan nan nan 0.005978847901423114 0.0018812344006398406 0.005978847901367256 0.0022511304778000084 0.005701425842978437 0.0018812344007052523 0.005701425842952768 0.002251130477890186 nan nan -0.0048638675
373 nan nan nan nan 11.0 -108.52887 0.937868 nan nan nan 359.9944504202742 0.0019737083836812077 359.9944504202745 0.0020970070738154777 359.99426547224215 0.0019737083824473783 359.99426547224255 0.002097007072498201 nan nan -0.009382547
