jwst_validation_notebooks/resample/jwst_resample_miri_test/starfield_74_combined_cat.ecsv
# %ECSV 0.9
# ---
# datatype:
# - {name: id, datatype: int64}
# - {name: xcentroid, unit: pix, datatype: float64}
# - {name: ycentroid, unit: pix, datatype: float64}
# - {name: sky_centroid.ra, unit: deg, datatype: float64}
# - {name: sky_centroid.dec, unit: deg, datatype: float64}
# - {name: area, unit: pix2, datatype: float64}
# - {name: source_sum, datatype: float32}
# - {name: source_sum_err, datatype: float32}
# - {name: semimajor_axis_sigma, unit: pix, datatype: float64}
# - {name: semiminor_axis_sigma, unit: pix, datatype: float64}
# - {name: orientation, unit: deg, datatype: float64}
# - {name: sky_bbox_ll.ra, unit: deg, datatype: float64}
# - {name: sky_bbox_ll.dec, unit: deg, datatype: float64}
# - {name: sky_bbox_ul.ra, unit: deg, datatype: float64}
# - {name: sky_bbox_ul.dec, unit: deg, datatype: float64}
# - {name: sky_bbox_lr.ra, unit: deg, datatype: float64}
# - {name: sky_bbox_lr.dec, unit: deg, datatype: float64}
# - {name: sky_bbox_ur.ra, unit: deg, datatype: float64}
# - {name: sky_bbox_ur.dec, unit: deg, datatype: float64}
# - {name: orientation_sky, unit: deg, datatype: float64}
# - {name: abmag, datatype: float64}
# - {name: abmag_error, datatype: float32}
# meta: !!omap
# - __serialized_columns__:
#     area:
#       __class__: astropy.units.quantity.Quantity
#       unit: !astropy.units.Unit {unit: pix2}
#       value: !astropy.table.SerializedColumn {name: area}
#     orientation:
#       __class__: astropy.units.quantity.Quantity
#       unit: &id001 !astropy.units.Unit {unit: deg}
#       value: !astropy.table.SerializedColumn {name: orientation}
#     orientation_sky:
#       __class__: astropy.units.quantity.Quantity
#       unit: *id001
#       value: !astropy.table.SerializedColumn {name: orientation_sky}
#     semimajor_axis_sigma:
#       __class__: astropy.units.quantity.Quantity
#       unit: !astropy.units.Unit {unit: pix}
#       value: !astropy.table.SerializedColumn {name: semimajor_axis_sigma}
#     semiminor_axis_sigma:
#       __class__: astropy.units.quantity.Quantity
#       unit: !astropy.units.Unit {unit: pix}
#       value: !astropy.table.SerializedColumn {name: semiminor_axis_sigma}
#     sky_bbox_ll:
#       __class__: astropy.coordinates.sky_coordinate.SkyCoord
#       dec: !astropy.table.SerializedColumn
#         __class__: astropy.coordinates.angles.Latitude
#         unit: *id001
#         value: !astropy.table.SerializedColumn {name: sky_bbox_ll.dec}
#       frame: icrs
#       ra: !astropy.table.SerializedColumn
#         __class__: astropy.coordinates.angles.Longitude
#         unit: *id001
#         value: !astropy.table.SerializedColumn {name: sky_bbox_ll.ra}
#         wrap_angle: &id002 !astropy.coordinates.Angle
#           unit: *id001
#           value: 360.0
#       representation_type: spherical
#     sky_bbox_lr:
#       __class__: astropy.coordinates.sky_coordinate.SkyCoord
#       dec: !astropy.table.SerializedColumn
#         __class__: astropy.coordinates.angles.Latitude
#         unit: *id001
#         value: !astropy.table.SerializedColumn {name: sky_bbox_lr.dec}
#       frame: icrs
#       ra: !astropy.table.SerializedColumn
#         __class__: astropy.coordinates.angles.Longitude
#         unit: *id001
#         value: !astropy.table.SerializedColumn {name: sky_bbox_lr.ra}
[...]
#         unit: *id001
#         value: !astropy.table.SerializedColumn {name: sky_bbox_ur.dec}
#       frame: icrs
#       ra: !astropy.table.SerializedColumn
#         __class__: astropy.coordinates.angles.Longitude
#         unit: *id001
#         value: !astropy.table.SerializedColumn {name: sky_bbox_ur.ra}
#         wrap_angle: *id002
#       representation_type: spherical
#     sky_centroid:
#       __class__: astropy.coordinates.sky_coordinate.SkyCoord
#       dec: !astropy.table.SerializedColumn
#         __class__: astropy.coordinates.angles.Latitude
#         unit: *id001
#         value: !astropy.table.SerializedColumn {name: sky_centroid.dec}
#       frame: icrs
#       ra: !astropy.table.SerializedColumn
#         __class__: astropy.coordinates.angles.Longitude
#         unit: *id001
#         value: !astropy.table.SerializedColumn {name: sky_centroid.ra}
#         wrap_angle: *id002
#       representation_type: spherical
#     xcentroid:
#       __class__: astropy.units.quantity.Quantity
#       unit: &id003 !astropy.units.Unit {unit: pix}
#       value: !astropy.table.SerializedColumn {name: xcentroid}
#     ycentroid:
#       __class__: astropy.units.quantity.Quantity
#       unit: *id003
#       value: !astropy.table.SerializedColumn {name: ycentroid}
# schema: astropy-2.0
id xcentroid ycentroid sky_centroid.ra sky_centroid.dec area source_sum source_sum_err semimajor_axis_sigma semiminor_axis_sigma orientation sky_bbox_ll.ra sky_bbox_ll.dec sky_bbox_ul.ra sky_bbox_ul.dec sky_bbox_lr.ra sky_bbox_lr.dec sky_bbox_ur.ra sky_bbox_ur.dec orientation_sky abmag abmag_error
[from data line 186]
187 nan nan nan nan 17.0 -162.6225 1.1659229 nan nan nan 359.99562175779477 -0.005701635104785859 359.9956217577953 -0.005516687069658493 359.9954676344332 -0.0057016351021330295 359.99546763443374 -0.005516687067099898 nan nan -0.0077841915
188 nan nan nan nan 5.0 -48.93026 0.63231045 nan nan nan 359.9919844465062 -0.005516686998481014 359.99198444650654 -0.005424212982072906 359.99186114782015 -0.00551668699567579 359.9918611478205 -0.005424212979318462 nan nan -0.014030629
189 nan nan nan nan 29.0 -274.45828 1.5228051 nan nan nan 0.0036053480648567493 -0.005455037802012594 0.00360534806501817 -0.0051467910721555155 0.0034204000257210183 -0.005455037801416488 0.0034204000258964973 -0.005146791071597585 nan nan -0.0060241013
190 nan nan nan nan 19.0 -184.06981 1.2326 nan nan nan 359.9966389719849 -0.005455037740352052 359.9966389719855 -0.005208440359281582 359.99648484862246 -0.005455037738072821 359.9964848486231 -0.005208440357111884 nan nan -0.007270494
191 nan nan nan nan 14.0 -134.94653 1.0580578 nan nan nan 359.9921077451925 -0.005455037656959713 359.9921077451932 -0.005270089624001277 359.99195362183485 -0.005455037653523753 359.9919536218356 -0.005270089620678578 nan nan -0.008512791
192 nan nan nan nan 10.0 -95.67768 0.894222 nan nan nan 0.001971640387618263 -0.005424213121855048 0.001971640387733972 -0.0053009144301033395 0.0017866923489898807 -0.00542421312076493 0.0017866923491134563 -0.005300914429035939 nan nan -0.010147499
193 nan nan nan nan 26.0 -247.28975 1.4418896 nan nan nan 0.002094939080189346 -0.005300914430782755 0.0020949390803922377 -0.005085141720082455 0.0018175170222072654 -0.0053009144292230125 0.001817517022429621 -0.0050851417185830755 nan nan -0.006330678
194 nan nan nan nan 17.0 -147.98592 1.1659229 nan nan nan 359.9978411342164 -0.005239265047674471 359.99784113421674 -0.005085141683967981 359.9975945368351 -0.005239265044626024 359.99759453683544 -0.005085141681015977 nan nan -0.008554089
195 nan nan nan nan 19.0 -180.63907 1.2326 nan nan nan 0.003790296104145631 -0.00520844041866588 0.0037902961042322594 -0.005023492380645046 0.00360534806498488 -0.005208440418149368 0.003605348065084938 -0.005023492380138473 nan nan -0.007408577
196 nan nan nan nan 16.0 -152.96838 1.1311113 nan nan nan 0.001786692349243104 -0.005177615737259095 0.0017866923493928253 -0.00502349237249688 0.0016017443107044244 -0.00517761573616385 0.001601744310871392 -0.005023492371423879 nan nan -0.008028381
197 nan nan nan nan 41.0 -392.6904 1.8106616 nan nan nan 359.9918611478216 -0.005115966257956353 359.99186114782304 -0.0047460701919999305 359.9915837257786 -0.0051159662520205654 359.99158372578 -0.004746070186493162 nan nan -0.0050062356
198 nan nan nan nan 43.0 -412.84235 1.8542981 nan nan nan 359.99031991425744 -0.005115966223473547 359.990319914259 -0.0047460701600054766 359.99004249221815 -0.005115966216867916 359.99004249221974 -0.0047460701538826955 nan nan -0.004876628
199 nan nan nan nan 26.0 -250.3564 1.4418896 nan nan nan 0.0028039065626257434 -0.0049618430314119655 0.002803906562825812 -0.004684420974370476 0.0026189585237234568 -0.004961843030650538 0.0026189585239329905 -0.0046844209736576214 nan nan -0.006253132
200 nan nan nan nan 12.0 -113.90278 0.97957116 nan nan nan 359.9992898938374 -0.004931018335183974 359.99928989383767 -0.004776894970897242 359.9991357704731 -0.004931018333741693 359.9991357704734 -0.004776894969503658 nan nan -0.0093374
201 nan nan nan nan 15.0 -144.23857 1.0951939 nan nan nan 359.99204609585166 -0.004869368884385527 359.9920460958523 -0.004684420851203377 359.9918611478226 -0.004869368880687416 359.9918611478233 -0.004684420847644516 nan nan -0.008243922
202 nan nan nan nan 17.0 -161.7233 1.1659229 nan nan nan 359.99001166754834 -0.004838544168959355 359.99001166754897 -0.004684420809341352 359.9898267195226 -0.004838544164726712 359.9898267195233 -0.004684420805241957 nan nan -0.007827472
203 761.12205494535 470.779847282441 359.99923989452606 -0.00393600260151675 1592.0 32660.969 25.458649 2.2531148702404975 2.1934749166638983 -0.1520405015998342 0.0003687573900423161 -0.00468442096094531 0.0003687573921961479 -0.0031431873122482485 359.9983035043082 -0.004684420942937393 359.9983035043112 -0.003143187300157915 269.84795949840014 13.00740909576416 0.00084631215
204 nan nan nan nan 17.0 -163.42044 1.1659229 nan nan nan 0.00030710804418017466 -0.004622771614646818 0.0003071080444414726 -0.004437823577040551 0.00015298467936474512 -0.004622771613519004 0.00015298467963607756 -0.004437823575956333 nan nan -0.007746183
205 nan nan nan nan 28.0 -274.7348 1.4963195 nan nan nan 359.99105970636765 -0.004622771487486336 359.99105970636873 -0.00434534943868086 359.9908747583401 -0.0046227714837178135 359.99087475834125 -0.0043453494351386865 nan nan -0.0059133684
206 nan nan nan nan 17.0 -167.62553 1.1659229 nan nan nan 0.002803906562902556 -0.004591946955302513 0.002803906563010206 -0.004437823590175287 0.002588133850872324 -0.004591946954483083 0.002588133850994416 -0.004437823589376281 nan nan -0.0075518605
207 nan nan nan nan 17.0 -162.33276 1.1659229 nan nan nan 359.99830350430835 -0.0045919469245024715 359.99830350430864 -0.004437823560403959 359.998118556272 -0.004591946922632857 359.9981185562723 -0.00443782355858634 nan nan -0.0077980845
208 nan nan nan nan 42.0 -401.48447 1.8326097 nan nan nan 0.00012216000654946026 -0.004530297594520566 0.000122160007082245 -0.004160401519275608 359.9998447379501 -0.004530297592428142 359.9998447379507 -0.004160401517350536 nan nan -0.0049559344
209 nan nan nan nan 45.0 -433.4707 1.8969312 nan nan nan 359.99861175103604 -0.004530297581841192 359.9986117510368 -0.004160401507618572 359.9983343289812 -0.0045302975791762035 359.9983343289819 -0.004160401505173112 nan nan -0.00475134
210 nan nan nan nan 15.0 -147.15761 1.0951939 nan nan nan 0.003019679275175026 -0.004314524898758292 0.0030196792752562886 -0.004191226206563675 0.002803906563102638 -0.004314524898028058 0.0028039065631762293 -0.004191226205872881 nan nan -0.008080395
211 nan nan nan nan 54.0 -525.603 2.077984 nan nan nan 359.99105970636896 -0.00428370009447785 359.99105970637106 -0.00375968066846413 359.9908131089991 -0.0042837000898046035 359.9908131090012 -0.003759680664362418 nan nan -0.0042924834
212 nan nan nan nan 35.0 -343.43185 1.6729361 nan nan nan 0.00298885460214461 -0.0041295768603536315 0.002988854602370638 -0.003790505456633562 0.0027114325437951766 -0.004129576859448332 0.0027114325440537913 -0.003790505455795086 nan nan -0.005288872
213 nan nan nan nan 57.0 -555.1487 2.1349256 nan nan nan 0.0008003028127286068 -0.0040987521775862346 0.0008003028132170433 -0.00372885610163189 0.00046123140977114615 -0.0040987521755548656 0.00046123141030259256 -0.0037288560997794555 nan nan -0.0041753966
214 nan nan nan nan 24.0 -238.8644 1.3853227 nan nan nan 0.002526484505012544 -0.004067927512701956 0.0025264845051927594 -0.003852154801315387 0.0022798871200082485 -0.004067927511770432 0.0022798871202029765 -0.0038521548004339344 nan nan -0.0062968573
215 nan nan nan nan 28.0 -270.97968 1.4963195 nan nan nan 359.99833432898225 -0.004006278140927201 359.9983343289827 -0.003759680758033616 359.9980569069278 -0.004006278138468403 359.9980569069283 -0.003759680755726118 nan nan -0.0059953136
216 nan nan nan nan 5.0 -49.73628 0.63231045 nan nan nan 0.00120102356231177 -0.003913804141759712 0.0012010235624126033 -0.00382133012272045 0.0010777248701529206 -0.003913804141133855 0.0010777248702575522 -0.003821330122108752 nan nan -0.01380325
217 677.5178736353606 500.1476419446756 0.0018169660755281715 -0.003030749947843992 3256.0 64662.867 36.075916 35.86391628472651 2.2011669372687805 2.281982724918344 0.0040985428366732074 -0.0038213301321685022 0.004098542837430004 -0.0017869017051668188 359.9995364912222 -0.003821330112884625 359.99953649122557 -0.0017869016961477473 272.28198272491835 12.265844345092773 0.00060574064
218 nan nan nan nan 103.0 -994.53723 2.8698819 nan nan nan 0.0020024650623209268 -0.0037596807802130687 0.002002465062694144 -0.00335896003043928 0.0012934975816077223 -0.0037596807771341336 0.0012934975820694753 -0.003358960027681343 nan nan -0.0031330497
219 1029.6989277306893 500.42082661273326 359.99096110047833 -0.0030223290292196196 1477.0 33520.754 25.244513 2.2651714404220376 2.1778273587521264 -5.577447897032726 359.9921077451988 -0.0037596806851025568 359.99210774520435 -0.002249271742241664 359.98991919354006 -0.0037596806489190553 359.98991919354654 -0.002249271720597215 264.4225521029673 12.97919750213623 0.000817669
220 nan nan nan nan 15.0 -144.06564 1.0951939 nan nan nan 0.003975244143942754 -0.003728856112682725 0.003975244144010048 -0.0035747327471692034 0.0038211207780072427 -0.003728856112409505 0.0038211207780750674 -0.003574732746917972 nan nan -0.008253817
221 nan nan nan nan 50.0 -482.0225 1.9995412 nan nan nan 0.003790296104839915 -0.003698031439251675 0.0037902961050115492 -0.0032973106888925813 0.003512874046231732 -0.003698031438683722 0.0035128740464309043 -0.0032973106883878553 nan nan -0.0045038857
222 nan nan nan nan 54.0 -519.1754 2.077984 nan nan nan 0.0023107117934658907 -0.003698031435245248 0.0023107117937858357 -0.0032973106853243124 0.0020024650623749678 -0.0036980314341140703 0.0020024650627641183 -0.0032973106842890906 nan nan -0.0043456266
223 nan nan nan nan 34.0 -323.18652 1.6488638 nan nan nan 359.9985192770194 -0.003667206740873942 359.99851927701997 -0.0033589600119531882 359.9983343289829 -0.0036672067394230025 359.9983343289835 -0.0033589600106185133 nan nan -0.005539312
224 nan nan nan nan 14.0 -133.61914 1.0580578 nan nan nan 359.9920460958561 -0.0036672066673655015 359.99204609585667 -0.003513083306009262 359.99189197249854 -0.0036672066650447377 359.99189197249916 -0.0035130833037844084 nan nan -0.008597358
225 nan nan nan nan 17.0 -161.81494 1.1659229 nan nan nan 359.99001166755335 -0.00366720663459402 359.990011667554 -0.0035130832746150253 359.9898267195277 -0.003667206631385154 359.98982671952837 -0.0035130832715404843 nan nan -0.007823039
226 nan nan nan nan 24.0 -226.87546 1.3853227 nan nan nan 359.99183032315585 -0.003605557319625465 359.99183032315665 -0.0033897846138870825 359.9915837257844 -0.003605557315903773 359.9915837257852 -0.003389784610386674 nan nan -0.0066296062
227 nan nan nan nan 5.0 -48.326622 0.63231045 nan nan nan 359.9902890895927 -0.003605557295267937 359.9902890895932 -0.003482258607118307 359.9901966155796 -0.0036055572937273186 359.9901966155801 -0.0034822586056257147 nan nan -0.014205882
228 nan nan nan nan 16.0 -149.4521 1.1311113 nan nan nan 359.99022744025086 -0.0035439079501848624 359.99022744025154 -0.0033897845900192768 359.9900424922248 -0.003543907947130471 359.9900424922255 -0.00338978458709748 nan nan -0.0082172705
229 nan nan nan nan 8.0 -78.15796 0.7998165 nan nan nan 0.007705029600643582 -0.0034206093800968423 0.007705029600570409 -0.0032973106876949456 0.007581730908002 -0.0034206093803856564 0.007581730907945307 -0.0032973106879872456 nan nan -0.011110701
230 nan nan nan nan 19.0 -181.77895 1.2326 nan nan nan 359.9983035043106 -0.0034206093561684357 359.998303504311 -0.003235661318841997 359.99811855627433 -0.0034206093547716377 359.99811855627473 -0.003235661317521678 nan nan -0.00736212
231 nan nan nan nan 9.0 -87.65631 0.8483335 nan nan nan 359.9918611478281 -0.0033897846143210093 359.99186114782856 -0.0032664859252829062 359.99167619979943 -0.0033897846117082065 359.99167619979994 -0.0032664859227603074 nan nan -0.010507701
232 nan nan nan nan 8.0 -77.372345 0.7998165 nan nan nan 0.0015709196395682977 -0.00335896002882009 0.001570919639691087 -0.0032356613365948617 0.001416796274263595 -0.003358960028199812 0.001416796274407015 -0.0032356613359882107 nan nan -0.011223515
233 nan nan nan nan 7.0 -67.8979 0.74815977 nan nan nan 359.9901966155806 -0.0033589599175050957 359.99019661558106 -0.00326648590139502 359.99004249222565 -0.0033589599150863386 359.990042492226 -0.0032664858990469514 nan nan -0.011963611
234 nan nan nan nan 15.0 -144.12213 1.0951939 nan nan nan 0.008475646429057737 -0.0032664860125726134 0.008475646428901277 -0.003081537974027277 0.008321523063446494 -0.0032664860130330506 0.008321523063283617 -0.0030815379744505832 nan nan -0.008250583
235 nan nan nan nan 20.0 -197.75201 1.2646209 nan nan nan 0.006841938751682277 -0.0032664860161612007 0.006841938751599277 -0.0030507133042851227 0.0066569907125505244 -0.003266486016416279 0.006656990712469287 -0.0030507133045065363 nan nan -0.006943265
236 nan nan nan nan 22.0 -212.98665 1.3263456 nan nan nan 0.007766678946849478 -0.0032356613413492283 0.007766678946622391 -0.0028965899370994603 0.007581730907899188 -0.003235661341759579 0.007581730907693705 -0.0028965899374698715 nan nan -0.006761275
237 nan nan nan nan 5.0 -48.98287 0.63231045 nan nan nan 0.009431211294768763 -0.0032048366631226874 0.009431211294670219 -0.003112362643944926 0.009307912602531696 -0.003204836663598748 0.009307912602431013 -0.0031123626444042396 nan nan -0.014015559
238 nan nan nan nan 10.0 -96.884415 0.894222 nan nan nan 0.00832152306336062 -0.0031740119937439617 0.00832152306326189 -0.0030507133013532367 0.008167399697698589 -0.0031740119941576607 0.008167399697613592 -0.0030507133017575665 nan nan -0.010021107
239 nan nan nan nan 12.0 -114.4543 0.97957116 nan nan nan 0.005177406398849023 -0.0031740119976910062 0.005177406398859024 -0.0030198886320207774 0.005023283032827685 -0.003174011997649975 0.005023283032845271 -0.0030198886319720863 nan nan -0.009292406
240 nan nan nan nan 54.0 -526.1126 2.077984 nan nan nan 359.99944401720467 -0.0031740119803038724 359.9994440172053 -0.0028041159046471565 359.9991357704762 -0.0031740119784682964 359.9991357704768 -0.0028041159030198406 nan nan -0.004288326
241 nan nan nan nan 11.0 -108.0968 0.937868 nan nan nan 0.007920802312544007 -0.003143187321671514 0.007920802312438182 -0.0029890639561238807 0.007766678946793598 -0.0031431873220291095 0.007766678946689995 -0.0029890639564599314 nan nan -0.009420049
242 nan nan nan nan 19.0 -183.51186 1.2326 nan nan nan 359.99238516724535 -0.003112362570566067 359.99238516724597 -0.0029274145365364565 359.9922002192158 -0.003112362568263383 359.9922002192165 -0.0029274145343663738 nan nan -0.0072925994
243 nan nan nan nan 5.0 -49.456646 0.63231045 nan nan nan 0.004745860974026946 -0.0030815379780974638 0.004745860974046613 -0.002989063958681023 0.004622562281230489 -0.0030815379780116422 0.004622562281255393 -0.002989063958593233 nan nan -0.013881295
244 nan nan nan nan 13.0 -125.67232 1.01957 nan nan nan 359.9899500182139 -0.0030815378655895446 359.9899500182146 -0.002927414505524156 359.9897958948593 -0.003081537863335156 359.98979589486 -0.002927414503382614 nan nan -0.0088084955
245 489.6112136606296 546.6930437132795 0.00760912745533902 -0.001596003156097795 8459.0 160053.5 57.356953 47.83596535926789 20.70422298219834 -21.432047334149896 0.009862756717106978 -0.0030198886230892365 0.009862756712779286 0.0005249487810608545 0.00394441947105086 -0.0030198886310090173 0.003944419472524151 0.0005249487824377947 248.5679526658501 11.281819343566895 0.00038908562
246 nan nan nan nan 19.0 -183.44705 1.2326 nan nan nan 0.00952368531362124 -0.0029274146052208367 0.009523685313407828 -0.0027424665668040527 0.009338737275295715 -0.002927414605877125 0.009338737275099571 -0.0027424665674224712 nan nan -0.0072951755
247 nan nan nan nan 45.0 -433.28802 1.8969312 nan nan nan 0.009307912602174458 -0.002865765259837228 0.00930791260191638 -0.0026191678751961555 0.009030490544512566 -0.002865765260733222 0.009030490544270266 -0.002619167876013925 nan nan -0.0047533433
248 nan nan nan nan 97.0 -936.64905 2.7850387 nan nan nan 0.007088536136974139 -0.002865765265158352 0.0070885361367942 -0.0024342198412042435 0.006564516692844833 -0.0028657652657988215 0.0065645166927075956 -0.002434219841727317 nan nan -0.0032283354
