jwst_validation_notebooks/resample/jwst_resample_miri_test/starfield_74_combined_cat.ecsv
# %ECSV 0.9
# ---
# datatype:
# - {name: id, datatype: int64}
# - {name: xcentroid, unit: pix, datatype: float64}
# - {name: ycentroid, unit: pix, datatype: float64}
# - {name: sky_centroid.ra, unit: deg, datatype: float64}
# - {name: sky_centroid.dec, unit: deg, datatype: float64}
# - {name: area, unit: pix2, datatype: float64}
# - {name: source_sum, datatype: float32}
# - {name: source_sum_err, datatype: float32}
# - {name: semimajor_axis_sigma, unit: pix, datatype: float64}
# - {name: semiminor_axis_sigma, unit: pix, datatype: float64}
# - {name: orientation, unit: deg, datatype: float64}
# - {name: sky_bbox_ll.ra, unit: deg, datatype: float64}
# - {name: sky_bbox_ll.dec, unit: deg, datatype: float64}
# - {name: sky_bbox_ul.ra, unit: deg, datatype: float64}
# - {name: sky_bbox_ul.dec, unit: deg, datatype: float64}
# - {name: sky_bbox_lr.ra, unit: deg, datatype: float64}
# - {name: sky_bbox_lr.dec, unit: deg, datatype: float64}
# - {name: sky_bbox_ur.ra, unit: deg, datatype: float64}
# - {name: sky_bbox_ur.dec, unit: deg, datatype: float64}
# - {name: orientation_sky, unit: deg, datatype: float64}
# - {name: abmag, datatype: float64}
# - {name: abmag_error, datatype: float32}
# meta: !!omap
# - __serialized_columns__:
#     area:
#       __class__: astropy.units.quantity.Quantity
#       unit: !astropy.units.Unit {unit: pix2}
#       value: !astropy.table.SerializedColumn {name: area}
#     orientation:
#       __class__: astropy.units.quantity.Quantity
#       unit: &id001 !astropy.units.Unit {unit: deg}
#       value: !astropy.table.SerializedColumn {name: orientation}
#     orientation_sky:
#       __class__: astropy.units.quantity.Quantity
#       unit: *id001
#       value: !astropy.table.SerializedColumn {name: orientation_sky}
#     semimajor_axis_sigma:
#       __class__: astropy.units.quantity.Quantity
#       unit: !astropy.units.Unit {unit: pix}
#       value: !astropy.table.SerializedColumn {name: semimajor_axis_sigma}
#     semiminor_axis_sigma:
#       __class__: astropy.units.quantity.Quantity
#       unit: !astropy.units.Unit {unit: pix}
#       value: !astropy.table.SerializedColumn {name: semiminor_axis_sigma}
#     sky_bbox_ll:
#       __class__: astropy.coordinates.sky_coordinate.SkyCoord
#       dec: !astropy.table.SerializedColumn
#         __class__: astropy.coordinates.angles.Latitude
#         unit: *id001
#         value: !astropy.table.SerializedColumn {name: sky_bbox_ll.dec}
#       frame: icrs
#       ra: !astropy.table.SerializedColumn
#         __class__: astropy.coordinates.angles.Longitude
#         unit: *id001
#         value: !astropy.table.SerializedColumn {name: sky_bbox_ll.ra}
#         wrap_angle: &id002 !astropy.coordinates.Angle
#           unit: *id001
#           value: 360.0
#       representation_type: spherical
#     sky_bbox_lr:
#       __class__: astropy.coordinates.sky_coordinate.SkyCoord
#       dec: !astropy.table.SerializedColumn
#         __class__: astropy.coordinates.angles.Latitude
#         unit: *id001
#         value: !astropy.table.SerializedColumn {name: sky_bbox_lr.dec}
#       frame: icrs
#       ra: !astropy.table.SerializedColumn
#         __class__: astropy.coordinates.angles.Longitude
#         unit: *id001
#         value: !astropy.table.SerializedColumn {name: sky_bbox_lr.ra}
[...]
#         unit: *id001
#         value: !astropy.table.SerializedColumn {name: sky_bbox_ur.dec}
#       frame: icrs
#       ra: !astropy.table.SerializedColumn
#         __class__: astropy.coordinates.angles.Longitude
#         unit: *id001
#         value: !astropy.table.SerializedColumn {name: sky_bbox_ur.ra}
#         wrap_angle: *id002
#       representation_type: spherical
#     sky_centroid:
#       __class__: astropy.coordinates.sky_coordinate.SkyCoord
#       dec: !astropy.table.SerializedColumn
#         __class__: astropy.coordinates.angles.Latitude
#         unit: *id001
#         value: !astropy.table.SerializedColumn {name: sky_centroid.dec}
#       frame: icrs
#       ra: !astropy.table.SerializedColumn
#         __class__: astropy.coordinates.angles.Longitude
#         unit: *id001
#         value: !astropy.table.SerializedColumn {name: sky_centroid.ra}
#         wrap_angle: *id002
#       representation_type: spherical
#     xcentroid:
#       __class__: astropy.units.quantity.Quantity
#       unit: &id003 !astropy.units.Unit {unit: pix}
#       value: !astropy.table.SerializedColumn {name: xcentroid}
#     ycentroid:
#       __class__: astropy.units.quantity.Quantity
#       unit: *id003
#       value: !astropy.table.SerializedColumn {name: ycentroid}
# schema: astropy-2.0
id xcentroid ycentroid sky_centroid.ra sky_centroid.dec area source_sum source_sum_err semimajor_axis_sigma semiminor_axis_sigma orientation sky_bbox_ll.ra sky_bbox_ll.dec sky_bbox_ul.ra sky_bbox_ul.dec sky_bbox_lr.ra sky_bbox_lr.dec sky_bbox_ur.ra sky_bbox_ur.dec orientation_sky abmag abmag_error
[from data line 61]
62 nan nan nan nan 26.0 -253.31332 1.4418896 nan nan nan 0.0029580299235369423 -0.012051517723390255 0.0029580299237264955 -0.011774095675257355 0.0027730818842287143 -0.012051517721636045 0.002773081884436047 -0.011774095673528434 nan nan -0.0061801397
63 nan nan nan nan 32.0 -303.41336 1.599633 nan nan nan 0.002372361132589623 -0.012051517717408224 0.0023723611328249194 -0.011774095669408877 0.002156588420293275 -0.01205151771487865 0.002156588420545152 -0.011774095666937276 nan nan -0.005724136
64 nan nan nan nan 16.0 -150.61179 1.1311113 nan nan nan 0.000738653456365636 -0.01205151769405478 0.0007386534566069212 -0.01186656966246829 0.0005845300910387267 -0.012051517691344486 0.0005845300912846654 -0.011866569659806895 nan nan -0.008153999
65 nan nan nan nan 6.0 -59.28709 0.69266135 nan nan nan 0.0033587506755783213 -0.01198986838276586 0.0033587506756505617 -0.011866569694676666 0.0032354519826340196 -0.011989868381783302 0.0032354519827078195 -0.01186656969371759 nan nan -0.0126848435
66 nan nan nan nan 6.0 -58.234596 0.69266135 nan nan nan 0.0007078287835370987 -0.01186656966194255 0.0007078287836574408 -0.011774095646070033 0.0005845300912846654 -0.011866569659806895 0.0005845300914099297 -0.01177409564394702 nan nan -0.012914102
67 nan nan nan nan 12.0 -116.43193 0.97957116 nan nan nan 359.9946045435929 -0.011866569490026896 359.99460454359337 -0.011712446132445355 359.9944504202321 -0.011866569483934325 359.99445042023257 -0.01171244612644087 nan nan -0.009134572
68 nan nan nan nan 5.0 -48.677937 0.63231045 nan nan nan 0.003666997408166558 -0.011712446336552194 0.003666997408229594 -0.01158914764820529 0.003543698715180755 -0.011712446335753213 0.0035436987152470366 -0.01158914764742108 nan nan -0.014103357
69 nan nan nan nan 24.0 -232.2999 1.3853227 nan nan nan 0.005732250517202827 -0.011681621669981657 0.005732250517186405 -0.011465848965207748 0.00548565313098459 -0.01168162167013595 0.005485653130982361 -0.011465848965334398 nan nan -0.006474798
70 nan nan nan nan 101.0 -1001.7152 2.8418822 nan nan nan 0.0033279260025393022 -0.011650796990057069 0.0033279260027220497 -0.011342550268968462 0.0026806078649000307 -0.011650796984442671 0.0026806078651357705 -0.011342550263513072 nan nan -0.0030802512
71 nan nan nan nan 11.0 -104.785225 0.937868 nan nan nan 0.003574523388475365 -0.011619972319711805 0.003574523388554673 -0.011465848959198381 0.0034204000222690357 -0.011619972318647007 0.0034204000223542782 -0.011465848958150698 nan nan -0.009717755
72 913.094421720105 245.46029806724445 359.9945553960691 -0.010881403796081556 1330.0 34351.836 24.89306 2.252993285982435 2.171507160879036 -3.017724929527609 359.99543680974455 -0.011619972148523706 359.99543680974875 -0.010109563231386443 359.99361815408747 -0.011619972078227792 359.99361815409236 -0.010109563170220317 266.9822750704724 12.952606201171875 0.0007867788
73 nan nan nan nan 22.0 -212.34593 1.3263456 nan nan nan 0.0026497831917486744 -0.011589147639981796 0.0026497831918887126 -0.011404199607440178 0.0024648351525544633 -0.011589147638111344 0.0024648351527113365 -0.011404199605572858 nan nan -0.0067816763
74 nan nan nan nan 10.0 -95.6841 0.894222 nan nan nan 0.00046123139950247916 -0.011558322937927105 0.00046123139967724214 -0.011435024249868005 0.0003071080343334167 -0.011558322935159371 0.0003071080345013622 -0.01143502424715484 nan nan -0.010146818
75 nan nan nan nan 18.0 -173.39055 1.1997247 nan nan nan 359.9956525824513 -0.01152749814110583 359.9956525824517 -0.011373374782672118 359.99543680974483 -0.011527498133608668 359.99543680974523 -0.01137337477526432 nan nan -0.00751243
76 nan nan nan nan 13.0 -124.55592 1.01957 nan nan nan 359.99361815408776 -0.011527498063863335 359.99361815408827 -0.011373374706445566 359.99343320605607 -0.011527498056117002 359.9934332060566 -0.011373374698818417 nan nan -0.008887446
77 nan nan nan nan 7.0 -67.68203 0.74815977 nan nan nan 0.0036669974082716474 -0.011496673631911468 0.003666997408336038 -0.011373374943384529 0.003543698715293501 -0.011496673631125118 0.003543698715361991 -0.011373374942608544 nan nan -0.012001769
78 nan nan nan nan 54.0 -515.31146 2.077984 nan nan nan 359.9954368097449 -0.01149667346195048 359.9954368097459 -0.01112677740160843 359.9951593876941 -0.011496673452090576 359.9951593876952 -0.011126777392067676 nan nan -0.004378211
79 nan nan nan nan 5.0 -48.79444 0.63231045 nan nan nan 0.0024648351526559394 -0.011465848949787768 0.0024648351527586554 -0.011342550261362066 0.0023415364599017247 -0.01146584894847494 0.0023415364600046346 -0.011342550260076916 nan nan -0.014069683
80 nan nan nan nan 6.0 -58.33217 0.69266135 nan nan nan 0.0005537054187677607 -0.011465848923499137 0.0005537054189373343 -0.011342550235353847 0.0004304067265906899 -0.011465848921357828 0.000430406726763804 -0.011342550233237077 nan nan -0.0128925
81 nan nan nan nan 15.0 -139.40224 1.0951939 nan nan nan 359.99383392679204 -0.01140419938674165 359.99383392679255 -0.011250076029089515 359.9936489787601 -0.011404199379217956 359.99364897876063 -0.011250076021667178 nan nan -0.008529931
82 nan nan nan nan 12.0 -114.87941 0.97957116 nan nan nan 359.99703969271405 -0.011373374826400577 359.9970396927144 -0.011219251467224757 359.99688556935104 -0.01137337482188521 359.9968855693514 -0.01121925146275795 nan nan -0.00925802
83 nan nan nan nan 42.0 -401.64288 1.8326097 nan nan nan 0.005485653130980439 -0.011280900932408642 0.005485653130976595 -0.01091100486590925 0.005208231071514378 -0.011280900932311735 0.005208231071538894 -0.010911004865832012 nan nan -0.0049539795
84 nan nan nan nan 8.0 -77.50613 0.7998165 nan nan nan 0.003821120774613878 -0.011280900927856186 0.0038211207746674265 -0.011157602239184215 0.0036669974083780427 -0.011280900926962543 0.003666997408439546 -0.011157602238283763 nan nan -0.011204142
85 nan nan nan nan 29.0 -274.03717 1.5228051 nan nan nan 0.0023415364600881446 -0.01125007624369373 0.002341536460350947 -0.010941829522081949 0.0021874130941942514 -0.011250076242013506 0.0021874130944729412 -0.010941829520439013 nan nan -0.0060333586
86 nan nan nan nan 5.0 -48.53423 0.63231045 nan nan nan 0.0007078287843849743 -0.011219251549650311 0.0007078287845092368 -0.01112677753338303 0.0005845300921548295 -0.011219251547630631 0.0005845300922772351 -0.011126777531390696 nan nan -0.014145116
87 790.2229470158886 238.31001066538994 359.99834286903587 -0.011101809172857361 25.0 46.428627 2.3143287 0.6721665218857511 0.6340631229723618 -66.88173413881653 359.9984268029865 -0.011188426831853875 359.99842680298696 -0.01097265412799629 359.99821103027693 -0.01118842682660954 359.9982110302774 -0.010972654122857445 203.1182658611835 20.125516891479492 0.054120712
88 nan nan nan nan 40.0 -392.08353 1.7884439 nan nan nan 0.006071321923143579 -0.011157602243014094 0.006071321923065082 -0.010695232159470887 0.005886373883520973 -0.011157602243347428 0.005886373883465079 -0.01069523215977474 nan nan -0.0049524605
89 nan nan nan nan 17.0 -159.45488 1.1659229 nan nan nan 0.0038519454479176343 -0.011157602239343652 0.003851945447998135 -0.010972654206144187 0.003666997408439546 -0.011157602238283763 0.0036669974085320484 -0.010972654205086736 nan nan -0.007938826
90 nan nan nan nan 17.0 -158.93555 1.1659229 nan nan nan 0.000738653457573981 -0.011126777533873302 0.0007386534578074956 -0.010941829501200281 0.0005845300922772351 -0.011126777531390696 0.0005845300925262789 -0.010941829498742636 nan nan -0.0079647675
91 834.0097122785464 261.90471968139616 359.9969931563296 -0.010374509972458553 1389.0 33919.195 25.016104 2.2679968217842155 2.18615768653361 -6.322130859425496 359.9978719588768 -0.011126777474193657 359.99787195887995 -0.009585543870591035 359.9957758811419 -0.011126777412923259 359.995775881146 -0.009585543817799958 263.6778691405745 12.966367721557617 0.0008007527
92 nan nan nan nan 23.0 -221.65642 1.3561549 nan nan nan 0.005670601170609315 -0.011034303554771566 0.005670601170595739 -0.010818530849082736 0.005485653130977878 -0.01103430355483592 0.005485653130975738 -0.010818530849181189 nan nan -0.0066428324
93 nan nan nan nan 14.0 -133.6778 1.0580578 nan nan nan 0.003636172735257171 -0.01103430354933598 0.003636172735350529 -0.010849355516005861 0.0034820493690649714 -0.011034303548354382 0.0034820493691666435 -0.010849355515038836 nan nan -0.008593586
94 nan nan nan nan 13.0 -124.271965 1.01957 nan nan nan 359.9980569069134 -0.011034303463025035 359.99805690691375 -0.010880180103142824 359.99790278354965 -0.011034303459159343 359.99790278355 -0.010880180099323013 nan nan -0.008907753
95 nan nan nan nan 71.0 -680.2538 2.382728 nan nan nan 359.9963615499186 -0.011034303416064036 359.9963615499194 -0.010726056697473776 359.9958067058146 -0.011034303398612489 359.99580670581537 -0.010726056680498192 nan nan -0.003803013
96 nan nan nan nan 5.0 -49.092857 0.63231045 nan nan nan 359.99556010843554 -0.011034303390513955 359.9955601084358 -0.010941829375211418 359.9954368097462 -0.011034303386397732 359.9954368097464 -0.010941829371118353 nan nan -0.013984159
97 nan nan nan nan 17.0 -161.97617 1.1659229 nan nan nan 0.002557309172611631 -0.01100347886861339 0.0025573091727578573 -0.01081853083540092 0.0023723611334813604 -0.01100347886676781 0.0023723611336372756 -0.010818530833585279 nan nan -0.007815252
98 nan nan nan nan 13.0 -123.12302 1.01957 nan nan nan 0.0005228807463973058 -0.010972654169845006 0.0005228807465961103 -0.010818530809211151 0.00036875738120799046 -0.01097265416728134 0.00036875738142488814 -0.010818530806660306 nan nan -0.008990878
99 nan nan nan nan 7.0 -68.37244 0.74815977 nan nan nan 359.99771783551347 -0.010972654110518003 359.99771783551375 -0.010849355422671207 359.99759453682265 -0.010972654107310603 359.99759453682293 -0.010849355419499338 nan nan -0.0118805785
100 nan nan nan nan 21.0 -200.29042 1.2958509 nan nan nan 359.99571423179765 -0.010941829380249471 359.9957142317982 -0.010726056677567293 359.9954676344188 -0.010941829372145297 359.99546763441936 -0.01072605666963093 nan nan -0.00702456
101 nan nan nan nan 15.0 -140.27625 1.0951939 nan nan nan 359.9978719588772 -0.01091100477052686 359.9978719588775 -0.010756881410597066 359.9976870108409 -0.010911004765821044 359.9976870108412 -0.010756881405950769 nan nan -0.008476785
102 nan nan nan nan 8.0 -76.54992 0.7998165 nan nan nan 359.99352568007396 -0.010911004629679331 359.9935256800743 -0.010787705943345985 359.9934023813862 -0.010911004624776842 359.99340238138666 -0.01078770593848584 nan nan -0.011344097
103 nan nan nan nan 130.0 -1250.1759 3.2241633 nan nan nan 0.004807510319058585 -0.010818530848479271 0.0048075103191499245 -0.01029451141930813 0.004499263586413952 -0.01081853084770301 0.004499263586550958 -0.010294511418552064 nan nan -0.0028000784
104 550.4562612871027 292.3111443325465 0.005733598748560835 -0.009437242005943244 4860.0 97954.45 44.19033 24.922529534698707 13.934336920107352 -24.08810759147343 0.007458432219393996 -0.010726056825767754 0.007458432217870844 -0.007982660974420373 0.0038211207748615646 -0.010726056828049437 0.003821120776096697 -0.007982660976110273 245.91189240852657 11.814920425415039 0.00048980967
105 nan nan nan nan 30.0 -291.64932 1.5488378 nan nan nan 0.0050541077052151245 -0.010664407487562616 0.005054107705245558 -0.01038698543674553 0.004807510319085401 -0.010664407487127549 0.004807510319134699 -0.010386985436324226 nan nan -0.0057659284
106 nan nan nan nan 14.0 -134.5093 1.0580578 nan nan nan 0.007088536140494938 -0.01063358281115268 0.007088536140425955 -0.010479459449682748 0.006903588101019072 -0.010633582812085575 0.0069035881009570504 -0.010479459450596732 nan nan -0.008540463
107 nan nan nan nan 7.0 -69.870224 0.74815977 nan nan nan 0.0029580299245124974 -0.010633582805469853 0.002958029924574809 -0.010541108788656202 0.002803906558479868 -0.010633582804184149 0.002803906558547248 -0.010541108787377265 nan nan -0.011625898
108 nan nan nan nan 10.0 -95.197426 0.894222 nan nan nan 0.0015400949586488284 -0.010633582790773168 0.0015400949587779994 -0.01051028410185045 0.0013859715930531775 -0.01063358278877923 0.0013859715931906135 -0.010510284099872147 nan nan -0.010198691
109 nan nan nan nan 13.0 -127.521225 1.01957 nan nan nan 0.003142977963818526 -0.010602758134640905 0.0031429779639141316 -0.010448634773210185 0.0029888545977432702 -0.010602758133454116 0.0029888545978505425 -0.010448634772020187 nan nan -0.008680782
110 nan nan nan nan 86.0 -829.6546 2.6223736 nan nan nan 359.99571423179856 -0.010602757990195819 359.99571423179964 -0.010202037255624494 359.9951593876967 -0.010602757972256089 359.9951593876978 -0.010202037238362407 nan nan -0.0034317966
111 nan nan nan nan 7.0 -66.63838 0.74815977 nan nan nan 359.9938031021226 -0.01060275792421366 359.9938031021229 -0.010510283909201883 359.99364897876274 -0.010602757918376591 359.993648978763 -0.0105102839034139 nan nan -0.012189733
112 nan nan nan nan 32.0 -306.82452 1.599633 nan nan nan 0.00687276342773587 -0.010541108795367815 0.00687276342764799 -0.010325336089105758 0.006595341368462808 -0.010541108796496192 0.006595341368395742 -0.010325336090241423 nan nan -0.005660497
113 nan nan nan nan 19.0 -178.9586 1.2326 nan nan nan 359.993833926795 -0.010479459238663119 359.9938339267956 -0.01029451120843254 359.99364897876313 -0.010479459231752409 359.9936489787637 -0.010294511201643958 nan nan -0.007478145
114 nan nan nan nan 13.0 -125.38793 1.01957 nan nan nan 359.9981185562601 -0.010448634696147768 359.99811855626047 -0.010294511335708353 359.99796443289637 -0.010448634692503093 359.9979644328967 -0.010294511332129875 nan nan -0.008828473
115 nan nan nan nan 14.0 -132.48479 1.0580578 nan nan nan 359.99361815409156 -0.010356160543884128 359.9936181540922 -0.010171212513672728 359.99343320606 -0.010356160536923098 359.9934332060606 -0.010171212506840308 nan nan -0.00867097
116 nan nan nan nan 11.0 -108.17937 0.937868 nan nan nan 0.00687276342764799 -0.010325336089105758 0.006872763427600336 -0.010202037399710023 0.006687815388151777 -0.010325336089878992 0.006687815388107888 -0.010202037400455737 nan nan -0.00941286
117 nan nan nan nan 13.0 -124.11382 1.01957 nan nan nan 0.0037902961018473806 -0.010232862070926014 0.0037902961019116903 -0.010078738709132031 0.003636172735659967 -0.010232862070107533 0.003636172735736693 -0.010078738708293225 nan nan -0.008919103
118 673.2181860770393 270.7256612203056 0.0019495025320386385 -0.010102607433701302 25.0 43.71615 2.3091276 0.6596258893469993 0.6359165240040354 63.49367362250164 0.002033289729333745 -0.010202037384743935 0.002033289729537142 -0.0099862646784019 0.001817517017297393 -0.010202037382374875 0.0018175170175126643 -0.009986264676085394 333.49367362250166 20.190876007080078 0.05734959
119 nan nan nan nan 38.0 -366.99408 1.7431594 nan nan nan 0.0041293675075548255 -0.010171212727789793 0.004129367507656235 -0.009893790676261584 0.0038211207751117004 -0.010171212726385877 0.0038211207752367514 -0.009893790674896298 nan nan -0.005157062
120 nan nan nan nan 8.0 -77.39282 0.7998165 nan nan nan 359.9978719588789 -0.010109563297348216 359.99787195887916 -0.00998626460882256 359.9977178355153 -0.010109563293701886 359.9977178355156 -0.009986264605231143 nan nan -0.0112205455
121 nan nan nan nan 48.0 -455.7093 1.9591422 nan nan nan 359.9963923745934 -0.010109563259450068 359.9963923745944 -0.009739667195031117 359.99608412786876 -0.010109563250700117 359.9960841278697 -0.009739667186620808 nan nan -0.0046676937
122 nan nan nan nan 16.0 -153.98117 1.1311113 nan nan nan 0.007150185486706257 -0.010047914036512742 0.007150185486618426 -0.009862966002110687 0.006996062120508488 -0.010047914037259189 0.006996062120432644 -0.00986296600286679 nan nan -0.007975575
