jwst_validation_notebooks/resample/jwst_resample_miri_test/starfield_74_combined_cat.ecsv
# %ECSV 0.9
# ---
# datatype:
# - {name: id, datatype: int64}
# - {name: xcentroid, unit: pix, datatype: float64}
# - {name: ycentroid, unit: pix, datatype: float64}
# - {name: sky_centroid.ra, unit: deg, datatype: float64}
# - {name: sky_centroid.dec, unit: deg, datatype: float64}
# - {name: area, unit: pix2, datatype: float64}
# - {name: source_sum, datatype: float32}
# - {name: source_sum_err, datatype: float32}
# - {name: semimajor_axis_sigma, unit: pix, datatype: float64}
# - {name: semiminor_axis_sigma, unit: pix, datatype: float64}
# - {name: orientation, unit: deg, datatype: float64}
# - {name: sky_bbox_ll.ra, unit: deg, datatype: float64}
# - {name: sky_bbox_ll.dec, unit: deg, datatype: float64}
# - {name: sky_bbox_ul.ra, unit: deg, datatype: float64}
# - {name: sky_bbox_ul.dec, unit: deg, datatype: float64}
# - {name: sky_bbox_lr.ra, unit: deg, datatype: float64}
# - {name: sky_bbox_lr.dec, unit: deg, datatype: float64}
# - {name: sky_bbox_ur.ra, unit: deg, datatype: float64}
# - {name: sky_bbox_ur.dec, unit: deg, datatype: float64}
# - {name: orientation_sky, unit: deg, datatype: float64}
# - {name: abmag, datatype: float64}
# - {name: abmag_error, datatype: float32}
# meta: !!omap
# - __serialized_columns__:
#     area:
#       __class__: astropy.units.quantity.Quantity
#       unit: !astropy.units.Unit {unit: pix2}
#       value: !astropy.table.SerializedColumn {name: area}
#     orientation:
#       __class__: astropy.units.quantity.Quantity
#       unit: &id001 !astropy.units.Unit {unit: deg}
#       value: !astropy.table.SerializedColumn {name: orientation}
#     orientation_sky:
#       __class__: astropy.units.quantity.Quantity
#       unit: *id001
#       value: !astropy.table.SerializedColumn {name: orientation_sky}
#     semimajor_axis_sigma:
#       __class__: astropy.units.quantity.Quantity
#       unit: !astropy.units.Unit {unit: pix}
#       value: !astropy.table.SerializedColumn {name: semimajor_axis_sigma}
#     semiminor_axis_sigma:
#       __class__: astropy.units.quantity.Quantity
#       unit: !astropy.units.Unit {unit: pix}
#       value: !astropy.table.SerializedColumn {name: semiminor_axis_sigma}
#     sky_bbox_ll:
#       __class__: astropy.coordinates.sky_coordinate.SkyCoord
#       dec: !astropy.table.SerializedColumn
#         __class__: astropy.coordinates.angles.Latitude
#         unit: *id001
#         value: !astropy.table.SerializedColumn {name: sky_bbox_ll.dec}
#       frame: icrs
#       ra: !astropy.table.SerializedColumn
#         __class__: astropy.coordinates.angles.Longitude
#         unit: *id001
#         value: !astropy.table.SerializedColumn {name: sky_bbox_ll.ra}
#         wrap_angle: &id002 !astropy.coordinates.Angle
#           unit: *id001
#           value: 360.0
#       representation_type: spherical
#     sky_bbox_lr:
#       __class__: astropy.coordinates.sky_coordinate.SkyCoord
#       dec: !astropy.table.SerializedColumn
#         __class__: astropy.coordinates.angles.Latitude
#         unit: *id001
#         value: !astropy.table.SerializedColumn {name: sky_bbox_lr.dec}
#       frame: icrs
#       ra: !astropy.table.SerializedColumn
#         __class__: astropy.coordinates.angles.Longitude
#         unit: *id001
#         value: !astropy.table.SerializedColumn {name: sky_bbox_lr.ra}
[...]
#         unit: *id001
#         value: !astropy.table.SerializedColumn {name: sky_bbox_ur.dec}
#       frame: icrs
#       ra: !astropy.table.SerializedColumn
#         __class__: astropy.coordinates.angles.Longitude
#         unit: *id001
#         value: !astropy.table.SerializedColumn {name: sky_bbox_ur.ra}
#         wrap_angle: *id002
#       representation_type: spherical
#     sky_centroid:
#       __class__: astropy.coordinates.sky_coordinate.SkyCoord
#       dec: !astropy.table.SerializedColumn
#         __class__: astropy.coordinates.angles.Latitude
#         unit: *id001
#         value: !astropy.table.SerializedColumn {name: sky_centroid.dec}
#       frame: icrs
#       ra: !astropy.table.SerializedColumn
#         __class__: astropy.coordinates.angles.Longitude
#         unit: *id001
#         value: !astropy.table.SerializedColumn {name: sky_centroid.ra}
#         wrap_angle: *id002
#       representation_type: spherical
#     xcentroid:
#       __class__: astropy.units.quantity.Quantity
#       unit: &id003 !astropy.units.Unit {unit: pix}
#       value: !astropy.table.SerializedColumn {name: xcentroid}
#     ycentroid:
#       __class__: astropy.units.quantity.Quantity
#       unit: *id003
#       value: !astropy.table.SerializedColumn {name: ycentroid}
# schema: astropy-2.0
id xcentroid ycentroid sky_centroid.ra sky_centroid.dec area source_sum source_sum_err semimajor_axis_sigma semiminor_axis_sigma orientation sky_bbox_ll.ra sky_bbox_ll.dec sky_bbox_ul.ra sky_bbox_ul.dec sky_bbox_lr.ra sky_bbox_lr.dec sky_bbox_ur.ra sky_bbox_ur.dec orientation_sky abmag abmag_error
[from data line 374]
375 nan nan nan nan 19.0 -182.23418 1.2326 nan nan nan 0.006194620613479863 0.002127831785359348 0.0061946206134447 0.0023127798238969616 0.006009672574545031 0.002127831785441533 0.006009672574514901 0.002312779823965068 nan nan -0.007343729
376 nan nan nan nan 18.0 -171.9239 1.1997247 nan nan nan 0.004160192185178774 0.0021278317850086884 0.004160192185249014 0.0023127798234918594 0.003975244146329465 0.0021278317848363476 0.003975244146403415 0.002312779823318647 nan nan -0.0075765173
377 nan nan nan nan 12.0 -115.1169 0.97957116 nan nan nan 359.99445042027486 0.0021894810913934697 359.9944504202753 0.0023436044539884167 359.9942962969148 0.0021894810902540894 359.9942962969153 0.0023436044527656995 nan nan -0.00923892
378 nan nan nan nan 7.0 -68.20561 0.74815977 nan nan nan 0.0017558676837503783 0.0022819551462616187 0.0017558676838828257 0.002405253838330693 0.0016325689916489835 0.0022819551459365055 0.0016325689917866476 0.002405253837987363 nan nan -0.011909637
379 nan nan nan nan 6.0 -58.845078 0.69266135 nan nan nan 359.9944504202753 0.0023436044539884167 359.99445042027565 0.0024669031440329114 359.9943271215873 0.0023436044530165574 359.9943271215876 0.00246690314301169 nan nan -0.012780125
380 nan nan nan nan 37.0 -363.69623 1.7200702 nan nan nan 0.0017866923569532624 0.0024360785114208947 0.0017866923573141786 0.0028059745874577015 0.0015709196457898353 0.0024360785108145794 0.0015709196461843253 0.0028059745867476584 nan nan -0.0051348964
381 917.7605498258831 701.8373569482152 359.9944115642429 0.0031862695281621584 1391.0 34316.973 25.106337 2.2564426345114375 2.1835031151274773 -8.117718133125837 359.9953135110946 0.0024360784782938177 359.9953135110989 0.003977312105241752 359.9934948554461 0.0024360784633848578 359.99349485545116 0.003977312080905031 261.88228186687417 12.95370864868164 0.00079432584
382 nan nan nan nan 12.0 -114.72853 0.97957116 nan nan nan 0.00517740639927389 0.0024977278625148325 0.005177406399280734 0.0026210265548206667 0.005023283033494827 0.002497727862484325 0.005023283033508306 0.0026210265547657284 nan nan -0.009270195
383 nan nan nan nan 19.0 -185.04497 1.2326 nan nan nan 0.0034820493764085247 0.0024977278610998697 0.003482049376498658 0.002651851226338783 0.003297101337725618 0.002497727860778638 0.0032971013378065095 0.002651851226027551 nan nan -0.0072321794
384 nan nan nan nan 20.0 -193.05661 1.2646209 nan nan nan 359.99549845912816 0.002528552497499074 359.99549845912867 0.002713500533098651 359.9953135110949 0.0025285524960667032 359.9953135110954 0.002713500531565293 nan nan -0.0071121347
385 nan nan nan nan 15.0 -142.81955 1.0951939 nan nan nan 359.9934640307746 0.002528552480308461 359.99346403077504 0.002682675842273714 359.9932790827438 0.0025285524785943225 359.9932790827444 0.002682675840446913 nan nan -0.008325832
386 nan nan nan nan 13.0 -127.73384 1.01957 nan nan nan 0.0030813286259959594 0.002559377206510203 0.0030813286261155317 0.0027443252447323873 0.0029272052604910922 0.0025593772062221087 0.00292720526062874 0.002744325244408468 nan nan -0.008666333
387 nan nan nan nan 26.0 -247.24037 1.4418896 nan nan nan 359.99528268642285 0.0025902018409955244 359.99528268642354 0.0028367992215850967 359.9950360890456 0.0025902018389946 359.99503608904627 0.0028367992193917813 nan nan -0.006331942
388 nan nan nan nan 29.0 -277.9919 1.5228051 nan nan nan 359.9937414528213 0.002590201827697105 359.9937414528221 0.002836799207020908 359.9934948554466 0.0025902018253907513 359.99349485544735 0.0028367992045025352 nan nan -0.0059475275
389 nan nan nan nan 10.0 -98.373474 0.894222 nan nan nan 0.0012626729160080926 0.002682675893804586 0.0012626729161644232 0.0028059745856906034 0.00110854955109405 0.002682675893260064 0.001108549551242146 0.002805974585133122 nan nan -0.00986942
390 684.0536744953705 722.0807514625099 0.001615502157985688 0.003810265595056015 5132.0 94480.83 44.340042 39.87081794921029 6.71012189247973 6.522370943984985 0.00419101685853904 0.002744325246417525 0.004191016859290046 0.004902052353669098 359.9990124717954 0.002744325229760293 359.99901247179923 0.004902052323927401 276.522370943985 11.854122161865234 0.00050953816
391 nan nan nan nan 30.0 -292.12805 1.5488378 nan nan nan 0.0008311274945879098 0.002836799257023689 0.0008311274948749111 0.0030525719676112594 0.000615354783979955 0.0028367992561412867 0.0006153547842621988 0.0030525719666766728 nan nan -0.0057564797
392 nan nan nan nan 6.0 -58.43297 0.69266135 nan nan nan 359.99528268642354 0.0028367992215850967 359.9952826864238 0.002929273239272085 359.9951593877349 0.0028367992204947515 359.9951593877351 0.0029292732381477034 nan nan -0.01287026
393 nan nan nan nan 5.0 -49.250507 0.63231045 nan nan nan 359.99364897880656 0.002836799206075914 359.99364897880696 0.0029600978956484886 359.9935256801192 0.0028367992048178177 359.9935256801196 0.002960097894326413 nan nan -0.013939396
394 nan nan nan nan 33.0 -315.96088 1.6244348 nan nan nan 0.001108549551353484 0.0028984486040151665 0.0011085495516471814 0.0031450459876052723 0.0008311274946770182 0.0028984486029112106 0.0008311274949939816 0.0031450459864036033 nan nan -0.0055820444
395 nan nan nan nan 7.0 -68.96256 0.74815977 nan nan nan 0.0001221600174692878 0.0028984485998194186 0.00012216001766814089 0.0030217472914402807 359.99999886132593 0.0028984485992264142 359.99999886132616 0.003021747290829835 nan nan -0.011778913
396 nan nan nan nan 21.0 -203.23784 1.2958509 nan nan nan 359.995560108474 0.003052571932067724 359.9955601084746 0.003268344640047385 359.99531351109636 0.0030525719297795307 359.995313511097 0.00326834463758398 nan nan -0.006922688
397 nan nan nan nan 13.0 -124.38301 1.01957 nan nan nan 0.00012216001781364515 0.003114221310134326 0.0001221600180152044 0.0032683446746089753 359.9999680366534 0.0031142213093517503 359.9999680366536 0.003268344673776013 nan nan -0.0088998005
398 nan nan nan nan 23.0 -221.72227 1.3561549 nan nan nan 359.9934948554483 0.0031142212558254046 359.9934948554491 0.00336081863462378 359.99324825807406 0.003114221252998627 359.99324825807486 0.0033608186315776984 nan nan -0.0066408594
399 nan nan nan nan 20.0 -191.5477 1.2646209 nan nan nan 0.004129367512404534 0.003145045995805008 0.004129367512477824 0.003329994033861443 0.003944419473611268 0.0031450459955477727 0.003944419473690586 0.003329994033601114 nan nan -0.0071681603
400 nan nan nan nan 18.0 -176.14192 1.1997247 nan nan nan 0.0010777248786771297 0.003145045987473757 0.001077724878857162 0.00329916935214028 0.0008619521679266509 0.0031450459865568956 0.0008619521681310187 0.0032991693511642242 nan nan -0.0073950845
401 nan nan nan nan 5.0 -49.190014 0.63231045 nan nan nan 359.9931249593872 0.003145045923878405 359.9931249593875 0.003237519940814326 359.9930016607004 0.003145045922417555 359.99300166070066 0.0032375199393065027 nan nan -0.013956538
402 nan nan nan nan 33.0 -315.98056 1.6244348 nan nan nan 0.003913594800509423 0.0032066953415272183 0.003913594800612866 0.0034532927255486404 0.003636172742389464 0.0032066953410741714 0.003636172742514601 0.0034532927250535282 nan nan -0.0055816965
403 nan nan nan nan 6.0 -59.583744 0.69266135 nan nan nan 6.0510672267612836e-05 0.0032683446742692197 6.0510672450464834e-05 0.0033916433657781237 359.9999372119808 0.0032683446736012046 359.999937211981 0.0033916433650804183 nan nan -0.012621689
404 nan nan nan nan 10.0 -98.2962 0.894222 nan nan nan 0.003913594800612866 0.0034532927255486404 0.003913594800671436 0.003576591417479489 0.003728646761871587 0.003453292725228111 0.0037286467619288017 0.00357659141716945 nan nan -0.009877179
405 nan nan nan nan 19.0 -179.90645 1.2326 nan nan nan 359.9991357704877 0.0034532927058284974 359.999135770488 0.0036074160698795466 359.99895082245115 0.0034532927045809276 359.99895082245143 0.0036074160685829852 nan nan -0.0074387463
406 nan nan nan nan 46.0 -442.06113 1.9178923 nan nan nan 359.9953135110975 0.003453292672760081 359.9953135110985 0.0038231887428251 359.995036089048 0.003453292669762994 359.9950360890491 0.0038231887395029328 nan nan -0.0047104913
407 nan nan nan nan 50.0 -482.09888 1.9995412 nan nan nan 359.99377227749596 0.0034532926550799627 359.99377227749716 0.003823188723253956 359.99349485544946 0.0034532926516263568 359.99349485545065 0.0038231887194333934 nan nan -0.0045031724
408 nan nan nan nan 40.0 -381.87302 1.7884439 nan nan nan 359.99941319254293 0.003514942053290992 359.99941319254356 0.0038540134542283037 359.9991665951606 0.0035149420516630316 359.9991665951612 0.0038540134524497503 nan nan -0.005084879
409 965.7705384162817 719.0297997400087 359.99293167210107 0.0037162209257845034 24.0 25.915474 2.2255874 0.639891420734121 0.6235835927599654 16.178304252173483 359.99303248537376 0.003638240679332348 359.9930324853744 0.003823188712878717 359.99281671267204 0.003638240676339966 359.99281671267266 0.003823188709721405 286.17830425217346 20.758583068847656 0.09324162
410 nan nan nan nan 20.0 -191.84277 1.2646209 nan nan nan 359.9955292838036 0.0036998900552856814 359.9955292838041 0.0038848380903641062 359.9953443357703 0.0036998900532011483 359.9953443357709 0.0038848380881714275 nan nan -0.007157135
411 nan nan nan nan 23.0 -221.52206 1.3561549 nan nan nan 359.99349485545025 0.0036998900302102683 359.9934948554508 0.003884838064037149 359.9932790827478 0.0036998900272760885 359.9932790827484 0.0038848380609513657 nan nan -0.0066468613
412 nan nan nan nan 5.0 -49.83776 0.63231045 nan nan nan 0.004406789570837231 0.0037923641290423652 0.004406789570862968 0.003884838147942659 0.004283490878299356 0.0037923641288868234 0.004283490878326591 0.0038848381477896527 nan nan -0.013775144
413 nan nan nan nan 13.0 -117.985275 1.01957 nan nan nan 359.9982110303069 0.0037923640994092247 359.99821103030723 0.003946487463022465 359.99802608227105 0.0037923640978474956 359.9980260822714 0.003946487461393704 nan nan -0.009382391
414 nan nan nan nan 25.0 -243.11572 1.4138892 nan nan nan 0.006009672574267159 0.003915662821353875 0.006009672574224658 0.004193084877902033 0.005824724535411244 0.0039156628214568985 0.005824724535382496 0.00419308487800886 nan nan -0.0063143205
415 nan nan nan nan 35.0 -339.87405 1.6729361 nan nan nan 359.9945428942962 0.003946487423016687 359.99454289429707 0.004223909474521385 359.99432712159216 0.003946487420161928 359.994327121593 0.004223909471470202 nan nan -0.005344236
416 nan nan nan nan 18.0 -169.26944 1.1997247 nan nan nan 359.9982110303073 0.003977312135735667 359.9982110303077 0.004193084844651286 359.99799525759886 0.003977312133803705 359.99799525759926 0.004193084842622974 nan nan -0.0076953312
417 804.0286041766951 730.3368705489709 359.99791731420305 0.004064757739238325 15.0 79.20185 1.9726465 0.6408916491437534 0.4535540648117151 -17.075417939369792 359.99799525759886 0.004008136806512198 359.9979952575992 0.004162260169946389 359.99781030956325 0.004008136804797881 359.99781030956353 0.004162260168172517 252.9245820606302 19.545642852783203 0.027041966
418 nan nan nan nan 19.0 -182.70898 1.2326 nan nan nan 359.9990741211432 0.004038961488387873 359.99907412114356 0.0042239095248935545 359.9988891731067 0.004038961486913762 359.99888917310705 0.004223909523363656 nan nan -0.007324645
419 nan nan nan nan 11.0 -106.183426 0.937868 nan nan nan 0.003913594800876009 0.0040697861848623795 0.003913594800925874 0.004193084876600409 0.0037286467621620682 0.004069786184497388 0.0037286467622218663 0.004193084876212695 nan nan -0.009589794
420 542.9034028226757 758.00963519764 0.005966413140828966 0.00491776169290353 1452.0 34359.87 25.35308 3.089223619608743 2.154399146738769 -13.227848474828988 0.0068727634219475885 0.004162260203874232 0.006872763421350252 0.0056726691736134266 0.004776685648571406 0.004162260204879154 0.0047766856488516895 0.005672669174997349 256.772151525171 12.952352523803711 0.00080113095
421 nan nan nan nan 18.0 -168.67369 1.1997247 nan nan nan 0.003913594800925874 0.004193084876600409 0.003913594801000783 0.004378032914118884 0.0037594714353370866 0.0041930848762794775 0.0037594714354231623 0.004378032913772443 nan nan -0.007722511
422 nan nan nan nan 16.0 -152.20996 1.1311113 nan nan nan 0.007026886787516085 0.004254734222359438 0.007026886787431355 0.004439682259811875 0.006872763421914174 0.00425473422266513 0.006872763421839121 0.00443968226013607 nan nan -0.008068384
423 nan nan nan nan 22.0 -212.41786 1.3263456 nan nan nan 0.005023283033701286 0.004254734223849362 0.0050232830337223824 0.004439682261388429 0.004807510321727202 0.004254734223701373 0.004807510321759147 0.004439682261232784 nan nan -0.0067793797
424 nan nan nan nan 14.0 -138.28297 1.0580578 nan nan nan 359.9942962969213 0.004285558815718281 359.99429629692173 0.004439682177407659 359.99411134888953 0.004285558813008292 359.99411134889004 0.004439682174591558 nan nan -0.008307397
425 nan nan nan nan 6.0 -58.763268 0.69266135 nan nan nan 0.006656990710015725 0.004316383568883359 0.006656990709972356 0.004439682260525275 0.006564516690625138 0.004316383569004235 0.006564516690590778 0.0044396822606769535 nan nan -0.012797918
426 nan nan nan nan 31.0 -296.00974 1.5744401 nan nan nan 0.005331529765114082 0.004316383569813622 0.005331529765121679 0.004562980953137856 0.005054107706848027 0.004316383569725047 0.005054107706875131 0.004562980953023883 nan nan -0.0057749
427 nan nan nan nan 23.0 -220.22702 1.3561549 nan nan nan 0.004129367512834686 0.0043163835686839385 0.004129367512905142 0.00450133160612197 0.003944419474098232 0.004316383568343631 0.003944419474176413 0.004501331605774786 nan nan -0.006685948
428 nan nan nan nan 8.0 -77.310875 0.7998165 nan nan nan 0.0037594714353898244 0.004316383567967866 0.003759471435465767 0.004470506932479271 0.0036361727429506763 0.004316383567651166 0.003636172743022349 0.004470506932180569 nan nan -0.0112324385
429 nan nan nan nan 59.0 -569.6913 2.1720576 nan nan nan 0.00098525086124082 0.004347208229574467 0.000985250861748753 0.004747928976074198 0.0006770041318393972 0.004347208227681569 0.0006770041323734309 0.004747928974017574 nan nan -0.004139578
430 nan nan nan nan 18.0 -100.94447 1.1997247 nan nan nan 0.021606956755077213 0.004378032741570052 0.021606956754688954 0.0044705067566460106 0.021298710047733177 0.004378032748153388 0.02129871004732624 0.0044705067633595335 nan nan -0.01290397
431 nan nan nan nan 37.0 -354.75525 1.7200702 nan nan nan 0.006841938748740858 0.004378032914378483 0.006841938748621648 0.004686279643326117 0.006626166036863383 0.0043780329147454 0.006626166036766166 0.004686279643735684 nan nan -0.0052643125
432 nan nan nan nan 48.0 -463.52136 1.9591422 nan nan nan 359.99944401721723 0.004378032891623146 359.9994440172178 0.004747928964411521 359.99916659516214 0.004378032889362581 359.99916659516276 0.004747928961950049 nan nan -0.004589026
433 nan nan nan nan 16.0 -90.00766 1.1311113 nan nan nan 0.021267885376803537 0.00440885742054475 0.021267885376390204 0.004501331435752851 0.02099046333931884 0.004408857426387331 0.020990463338919685 0.004501331441720386 nan nan -0.013644265
434 nan nan nan nan 44.0 -425.89645 1.8757358 nan nan nan 359.99429629692173 0.004439682177407659 359.99429629692276 0.004778753572842129 359.99401887487426 0.004439682173169265 359.99401887487534 0.004778753568279591 nan nan -0.004781806
435 nan nan nan nan 7.0 -68.51326 0.74815977 nan nan nan 0.005208231072566105 0.004562980953098316 0.005208231072574336 0.004686279644674896 0.005084932380012201 0.0045629809530521055 0.005084932380024889 0.004686279644623712 nan nan -0.011856158
436 nan nan nan nan 8.0 -78.327 0.7998165 nan nan nan 0.003636172743064132 0.0045629809508651335 0.0036361727431281597 0.004686279642375204 0.003512874050637913 0.004562980950546639 0.0035128740507123033 0.004686279642030725 nan nan -0.011086721
